60 506
73
34 6 0 373
13 3 0 467
13 5 0 409
10 12 0 173
10 12 0 185
6 7 0 303
6 15 0 119
25 7 0 310
25 15 0 104
21 12 0 197
16 7 0 317
16 5 0 414
21 3 0 470
21 5 0 419
5 7 0 324
5 5 0 424
4 1 0 503
4 10 0 221
6 13 0 134
12 13 0 147
12 9 0 231
23 6 0 379
7 3 0 473
7 5 0 429
2 1 0 219
2 10 0 209
6 6 0 385
6 5 0 434
14 7 0 331
14 6 0 391
16 3 0 476
16 5 0 439
14 6 0 397
14 5 0 444
14 13 0 160
3 2 0 491
3 7 0 338
11 2 0 493
11 7 0 345
6 7 0 352
6 6 0 403
33 14 0 90
12 4 0 459
12 3 0 479
16 18 0 0
12 3 0 482
12 18 0 18
4 4 0 463
4 3 0 485
3 1 0 504
3 2 0 495
6 9 0 240
6 9 0 249
6 1 0 505
6 2 0 497
5 7 0 359
5 18 0 36
3 9 0 258
3 9 0 267
9 18 0 54
6 5 0 449
6 2 0 499
2 12 2 209
2 9 0 294
8 3 0 488
8 9 0 276
10 9 0 285
3 5 0 454
3 2 0 501
3 18 0 72
3 7 0 366
2 3 2 294
2 9 3 72
